636.551 997.183
368.877 723.27
323.061 474.184
334.981 99.8352
426.229 618.359
456.116 605.601
515.542 954.163
589.893 446.591
614.286 621.144
171.173 599.321
213.765 576.365
474.461 850.989
639.877 572.888
289.281 603.435
721.628 989.632
932.747 13.802
507.812 382.197
525.478 316.319
979.017 389.986
657.705 885.261
521.074 635.249
483.145 302.906
461.055 199.679
544.281 754.624
260.935 925.364
457.335 741.73
911.598 78.0551
463.317 977.432
276.789 770.296
966.589 997.337
765.454 415.94
915.656 283.135
352.154 180.258
968.492 726.705
606.526 924.218
86.6853 757.003
181.294 603.417
836.854 259.939
232.318 120.272
623.257 832.57
903.723 770.055
798.237 12.2493
483.917 314.818
962.545 747.629
721.437 409.782
140.967 45.6137
73.8813 220.579
889.686 376.71
491.51 507.738
685.695 720.999
959.654 133.467
153.503 744.996
364.76 49.6765
289.507 763.266
906.357 859.653
343.623 713.632
526.385 750.382
1.56627 795.771
192.581 952.215
739.558 355.449
418.853 987.793
555.592 226.532
141.163 669.887
741.405 762.921
471.721 922.754
454.186 217.617
903.066 733.611
520.581 32.6452
265.404 528.906
777.613 147.066
200.45 627.796
127.45 904.98
83.3584 478.094
930.213 784.797
537.841 628.182
937.836 743.162
290.069 933.333
733.031 583.732
139.869 133.708
801.96 180.663
488.665 247.903
430.527 269.819
143.824 996.899
970.231 967.334
922.486 305.928
997.676 164.706
496.632 144.999
486.253 689.85
691.481 981.765
747.501 790.596
341.128 375.954
169.956 485.749
163.814 402.796
38.7265 803.579
392.546 623.872
599.619 128.156
641.849 871.096
372.22 714.779
460.006 995.832
700.554 0.419695
693.076 777.401
725.046 980.666
360.183 781.981
497.497 487.251
298.25 240.253
377.923 108.333
637.951 621.53
70.867 471.188
291.56 225.669
206.883 90.5383
747.462 80.5127
59.4428 687.914
235.799 862.481
786.097 274.662
634.508 22.7754
439.804 199.54
246.408 650.826
303.998 476.59
522.284 377.57
193.681 655.944
559.374 878.411
187.112 580.079
250.444 803.149
455.094 720.312
124.232 13.0719
245.055 976.276
764.459 18.2839
146.492 683.339
784.579 882.363
812.813 786.856
551.705 375.28
300.854 209.239
208.89 973.076
529.002 969.096
20.5528 886.118
421.191 521.452
333.298 531.922
278.162 439.418
166.213 998.001
484.711 660.457
219.787 494.155
307.899 136.036
35.8131 20.4183
932.938 413.284
722.563 902.101
619.543 820.258
216.148 205.968
361.517 970.719
988.946 777.412
62.8919 507.801
830.45 607.654
800.705 820.251
731.596 916.847
286.828 279.897
357.596 792.645
898.622 585.732
580.084 51.0917
963.729 935.751
60.6081 527.329
454.243 422.553
252.378 503.856
921.095 181.399
421.033 233.857
753.172 207.963
710.387 873.509
190.033 290.173
800.311 595.007
496.102 888.745
554.827 938.442
868.436 278.036
202.053 592.233
930.89 927.019
507.397 534.94
537.848 752.343
481.134 84.5293
664.798 40.5429
672.207 315.748
735.37 648.049
527.698 327.022
515.245 817.175
522.416 253.797
268.39 883.475
806.592 240.128
805.349 399.121
847.015 613.038
574.803 432.072
271.905 618.545
715.767 95.6137
8.68641 508.537
327.54 363.988
798.149 440.141
970.662 418.583
560.159 357.426
818.134 921.328
868.17 789.719
663.125 954.713
18.6476 289.006
323.726 448.509
701.961 417.566
230.679 718.34
884.582 884.514
603.588 481.379
162.482 454.519
181.491 221.247
280.836 57.5125
253.195 422.835
281.967 371.157
727.418 675.545
768.996 812.569
800.464 183.431
111.461 876.292
237.86 93.0012
189.751 989
342.769 626.518
901.25 680.612
122.932 760.703
994.96 609.11
410.706 950.513
839.266 616.072
804.439 609.575
199.381 429.032
215.406 445.172
808.398 988.629
551.163 771.294
536.419 610.33
362.651 810.485
829.279 16.0764
131.826 845.601
222.382 216.325
686.582 217.829
113.438 950.467
748.891 975.435
381.809 482.795
108.632 625.479
661.155 353.266
42.8436 371.348
924.636 315.139
326.903 722.8
903.345 351.411
196.177 596.913
621.962 616.805
672.898 579.288
576.886 920.555
192.685 586.522
355.305 67.8608
396.947 273.69
138.082 514.101
909.238 765.662
864.235 907.712
829.75 920.934
827.297 28.6711
795.467 444.726
197.447 481.579
361.52 668.169
912.547 297.592
129.453 963.065
726.661 529.509
140.279 563.638
597.663 0.7562
897.224 791.434
953.535 421.935
965.119 790.26
618.305 975.562
300.137 981.089
437.238 876.01
395.928 312.608
39.6552 738.19
952.816 750.371
167.63 696.874
921.191 634.394
640.525 677.893
701.156 989.681
915.36 704.956
178.11 107.306
855.416 526.076
570.091 688.517
188.212 190.153
730.923 579.621
783.503 729.202
343.667 840.354
183.531 855.812
297.774 598.53
536.735 142.946
689.704 947.282
116.393 351.59
253.652 917.241
822.758 388.007
536.637 703.871
141.996 482.522
381.635 430.485
911.804 873.382
344.498 357.786
194.223 31.2641
974.998 989.522
144.719 470.023
679.247 784.74
455.059 309.749
309.245 802.667
185.988 724.054
945.093 909.517
841.857 930.643
827.199 188.037
770.162 278.392
886.259 247.281
909.25 145.551
877.972 699.289
391.628 912.43
983.845 564.779
91.5576 178.045
38.6873 84.1108
683.091 858.526
446.617 614.869
691.065 625.404
739.645 689.162
747.293 155.678
486.864 662.851
448.748 254.352
656.263 465.367
931.261 903.684
653.534 386.708
557.417 615.312
616.547 432.617
655.704 238.62
661.243 662.642
47.0309 992.912
332.929 627.173
943.104 957.11
357.564 449.465
650.701 842.816
737.556 142.71
155.709 687.401
983.187 79.1669
380.988 783.845
422.25 952.472
18.9396 561.407
745.891 325.623
127.384 320.47
660.051 189.635
197.902 593.381
218.616 164.62
331.62 109.564
793.42 815.63
116.333 975.356
815.339 502.653
71.1409 522.761
562.462 215.353
945.663 709.032
273 847.954
960.571 84.3669
647.282 416.345
610.629 912.647
232.728 780.433
339.065 820.012
404.055 67.9035
854.343 822.054
65.3667 266.728
84.408 174.027
448.284 627.965
715.699 709.394
731.609 359.799
30.4689 553.439
23.7819 316.573
790.492 775.983
305.42 521.031
809.484 862.612
107.863 761.59
617.603 282.96
918.273 524.434
185.737 110.811
768.345 621.757
374.218 338.332
627.136 828.304
586.748 718.965
399.043 908.516
71.5424 720.64
864.003 694.948
96.335 752.511
525.338 953.631
635.659 244.969
152.888 619.307
904.161 150.676
852.291 677.626
147.336 394.725
763.266 9.39724
626.76 167.419
372.326 999.801
798.866 868.46
399.582 608.283
561.695 825.284
599.02 873.007
299.416 419.884
385.226 704.247
394.536 587.572
491.209 529.437
603.969 379.224
991.802 469.281
531.127 365.55
24.0341 738.844
799.38 21.849
374.845 875.191
527.372 109.9
648.656 429.5
558.168 634.748
375.843 307.571
804.768 933.181
915.409 272.968
474.712 449.811
266.737 581.443
565.017 69.4984
810.359 358.024
32.8054 348.453
677.622 243.648
467.038 458.813
10.406 750.246
677.764 327.934
119.889 643.767
356.168 278.949
627.018 658.263
642.851 339.578
790.781 414.53
880.483 549.742
384.886 950.703
383.33 206.429
169.521 119.863
599.39 289.988
797.292 798.753
696.108 130.942
443.086 755.911
582.425 124.763
310.837 316.488
859.183 211.477
302.284 508.503
743.21 665.387
20.9099 217.409
778.658 0.99836
887.805 995.489
956.079 477.242
115.874 444.475
256.659 556.203
611.007 150.393
911.165 557.673
748.922 752.329
288.056 871.362
66.2732 379.688
581.871 861.828
494.182 529.328
698.292 580.088
33.6711 272.631
544.244 943.91
69.7751 556.253
409.938 183.567
747.513 788.04
141.041 783.815
956.729 735.308
107.805 510.264
476.036 315.999
535.768 33.5999
171.757 59.3207
799.933 471.595
992.07 855.404
589.286 642.449
619.896 960.291
934.504 260.138
421.283 89.6851
950.514 962.797
279.885 599.079
524.141 408.923
382.304 392.426
709.804 1.50436
5.30849 236.44
262.964 171.344
849.233 740.357
141.688 499.086
644.901 529.894
622.961 183.32
204.938 790.818
816.554 554.037
146.016 567.422
369.757 629.566
216.389 60.1615
923.166 578.969
140.925 74.0476
914.682 664.054
934.495 208.11
95.9168 34.2243
668.855 329.206
656.145 861.267
920.806 715.4
566.523 255.676
501.931 369.201
522.691 120.999
64.8466 712.715
323.358 338.368
649.155 614.159
831.914 805.406
457.066 963.089
395.379 13.6408
146.234 541.593
852.579 355.805
351.369 602.02
529.419 247.255
463.66 10.007
857.987 658.231
907.497 41.8292
423.596 214.416
548.928 204.366
775.336 545.322
611.9 497.733
568.606 574.396
436.516 482.503
880.713 16.0397
137.96 343.056
209.132 786.418
298.618 882.457
142.277 342.534
201.101 408.698
873.03 460.939
863.318 696.52
153.028 7.52087
266.344 468.437
586.038 915.934
207.302 63.2053
909.942 392.044
905.114 633.417
437.108 347.977
436.424 655.356
713.486 996.087
275.699 651.002
591.92 123.876
806.876 122.696
970.921 327.658
245.929 684.026
508.796 970.942
336.464 517.54
479.023 295.568
330.674 87.5704
520.066 863.458
107.32 329.807
165.488 571.334
32.5586 819.955
822.055 35.1186
65.5277 983.129
202.121 188.537
639.6 435.508
4.00685 154.897
692.256 38.4747
1.45985 965.829
163.58 49.1386
887.382 228.774
326.433 566.504
106.106 813.772
414.621 453.25
410.972 717.733
946.807 513.584
854.414 250.474
298.918 873.458
732.725 147.281
542.675 243.044
848.084 756.716
83.2897 944.351
73.3025 458.345
166.862 275.023
270.543 907.421
625.449 350.791
634.048 680.614
661.222 288.94
254.075 452.505
369.237 615.092
615.128 889.804
940.489 56.5289
190.945 854.682
119.829 950.246
351.825 831.972
519.977 173.201
460.604 4.07737
185.231 999.033
465.979 843.265
380.447 423.635
372.98 447.059
980.509 380.145
931.882 965.375
692.419 670.92
147.348 584.517
363.972 112.138
266.292 819.999
805.415 479.721
842.084 702.619
799.262 419.313
935.685 366.457
643.502 460.539
855.348 869.649
335.705 30.5992
244.98 684.303
110.296 585.613
668.612 248.972
10.1718 824.392
307.798 843.824
719.963 296.763
678.37 294.738
528.958 977.915
719.476 711.807
685.997 515.962
791.633 804.538
990.25 262.579
560.596 321.724
436.471 442.679
399.62 638.968
490.362 931.38
43.4775 396.231
664.816 193.773
849.552 819.242
323.325 429.434
406.153 706.704
216.731 850.869
768.727 216.205
840.802 410.099
701.019 371.02
226.219 303.399
470.44 955.497
248.319 736.15
179.769 173.136
362.957 194.634
757.272 155.067
654.785 792.004
472.426 243.299
627.135 602.077
564.06 263.776
189.419 16.7745
821.517 491.727
236.382 943.694
647.626 335.089
895.526 356.611
707.997 454.235
609.953 336.525
666.485 201.459
875.344 648.203
845.039 230.244
640.555 378.179
82.4394 970.135
52.6583 699.722
10.8894 26.6413
183.902 715.017
126.916 347.297
705.705 406.253
665.301 437.136
420.133 909.19
315.8 701.094
994.701 996.3
47.6642 495.648
135.927 342.13
632.443 177.356
982.95 817.975
874.41 329.11
90.0368 630.431
249.175 162.604
838.934 925.691
56.0271 67.314
329.932 341.54
925.067 323.82
225.076 241.153
502.077 480.205
888.937 105.118
345.488 61.839
467.333 686.359
743.121 220.312
190.783 528.045
194.31 417.279
972.64 909.081
506.908 383.885
142.162 645.781
607.518 73.7804
303.523 277.779
828.828 108.575
830.796 400.743
35.4079 710.331
843.373 949.035
576.502 654.371
759.687 193.884
192.386 359.035
559.572 377.561
151.037 758.347
581.219 815.597
443.541 529.406
630.19 428.171
6.3838 664.5
403.304 665.678
472.99 400.136
777.562 39.0137
865.954 320.06
920.999 92.612
906.421 208.738
254.836 496.159
578.823 476.837
752.953 339.114
850.925 866.992
777.716 128.22
766.96 147.382
705.602 488.006
358.824 262.832
331.248 384.179
279.18 181.749
690.194 553.23
883.576 401.139
225.525 92.3778
704.978 351.112
896.399 113.377
509.074 662.784
209.52 210.512
495.429 129.973
555.304 15.2573
0.88318 542.059
719.958 277.178
4.98321 566.835
882.51 983.408
332.182 495.441
990.311 427.854
812.448 23.5016
512.68 599.283
235.038 908.666
956.792 473.813
802.978 611.088
976.968 135.889
810.663 418.129
231.484 436.922
53.916 377.921
212.092 690.015
661.702 590.389
369.423 602.284
760.07 867.725
918.29 34.7696
496.442 851.843
651.07 489.526
277.432 388.999
579.686 602.778
316.628 701.445
658.82 99.8567
998.192 89.0544
246.361 870.979
66.1061 68.2179
959.688 714.324
301.281 999.886
817.575 487.124
431.005 248.099
284.687 449.215
690.268 307.072
479.374 711.377
475.052 42.6314
311.282 21.9707
460.398 500.668
321.127 615.007
290.081 704.176
633.533 483.274
219.827 857.924
985.416 206.713
482.144 454.575
624.664 285.502
642.749 314.1
881.416 677.706
502.158 371.939
761.455 709.435
434.375 663.114
620.683 450.57
504.334 631.608
691.076 396.778
986.743 778.515
939.484 987.913
677.306 930.156
591.154 595.827
778.04 322.943
757.315 721.415
847.203 98.0419
332.674 27.3477
560.035 348.698
124.474 452.133
65.5559 66.9222
490.419 932.33
776.466 388.246
63.3144 985.382
177.376 717.919
111.583 501.198
84.7634 525.493
762.715 804.991
295.995 960.254
321.362 930.251
975.517 616.701
348.4 81.3288
662.355 645.817
909.472 652.946
298.421 592.861
263.389 334.206
957.634 97.6411
257.637 573.154
548.587 385.319
708.103 649.605
506.895 174.822
807.812 88.5008
551.619 375.527
476.093 358.991
755.359 346.925
306.46 539.218
951.304 473.035
399.826 751.581
937.573 344.124
316.335 277.015
881.298 32.9402
638.033 515.331
392.784 54.9849
562.264 574.248
870.618 744.76
953.607 637.142
624.448 678.136
660.801 176.069
490.132 61.0847
486.683 269.695
583.576 919.685
589.138 835.373
962.981 108.98
41.8473 620.619
388.021 79.8466
480.262 43.4796
764.758 206.857
598.213 411.43
700.565 672.757
70.4845 755.118
140.691 202.06
785.212 611.168
168.627 820.32
835.628 12.8506
679.79 417.913
727.503 630.314
902.927 8.96885
860.104 474.755
241.354 257.142
852.931 543.98
371.637 559.022
522.912 506.772
801.011 654.444
847.331 823.49
683.58 471.262
845.576 572.432
587.733 835.239
677.563 638.56
741.553 529.863
621.561 295.553
177.415 441.735
126.69 141.95
483.551 692.573
748.302 294.461
301.926 250.722
236.607 124.734
14.0185 392.33
423.101 217.386
893.599 800.054
803.895 5.43125
965.075 693.441
754.125 808.164
612.199 646.86
329.719 150.468
910.347 439.931
832.207 12.8054
701.308 625.557
16.1636 268.842
67.597 819.981
49.0517 66.0884
1.51272 81.6725
886.06 864.746
975.983 607.109
55.4814 229.654
563.059 942.816
350.691 494.739
474.948 480.428
444.976 705.583
441.82 846.005
295.295 284.137
938.786 732.281
97.737 725.053
342.534 271.828
525.206 616.068
965.91 329.683
246.255 849.721
461.012 960.001
345.663 558.281
974.956 651.151
484.645 325.29
980.359 690.904
468.687 270.194
147.551 264.665
784.41 285.418
397.096 387.792
178.427 967.439
462.607 235.743
773.787 590.718
91.1144 245.086
783.232 933.543
481.565 327.444
380.495 438.405
244.863 61.4337
244.3 242.718
143.912 337.901
808.552 343.163
757.231 42.5786
609.165 939.214
619.526 249.987
318.128 342.073
780.767 533.858
874.766 445.122
423.882 411.644
16.0436 106.119
102.07 538.42
477.816 714.818
873.136 138.322
190.367 219.982
958.236 355.358
927.574 303.773
696.076 408.789
532.164 151.627
734.711 229.002
566.347 827.019
906.588 814.909
628.452 835.846
555.904 300.281
667.792 41.4199
181.667 913.855
548.308 402.78
981.032 476.609
588.458 908.991
832.134 980.248
475.26 81.8917
377.5 632.503
800.681 217.381
711.725 588.713
455.825 729.535
510.494 550.16
19.2459 303.852
501.817 328.573
651.063 201.326
686.523 721.349
623.772 237.024
104.031 338.402
475.194 578.526
723.17 654.128
883.095 756.002
770.495 384.408
253.923 607.074
183.396 881.266
638.333 475.739
373.799 595.207
568.295 357.629
105.577 945.344
227.37 450.705
699.726 783.384
903.911 432.642
398.779 859.954
69.2663 530.527
997.287 670.258
60.0377 207.574
65.4465 184.362
852.474 4.21701
263.291 835.195
822.612 510.018
824.853 82.9562
995.773 59.8374
543.383 297.701
79.9553 983.16
201.957 505.01
987.573 581.45
212.201 304.807
668.461 41.9311
915.447 840.939
175.407 215.165
597.234 531.929
98.5824 211.747
401.338 733.341
199.115 744.176
39.9044 374.047
412.651 768.22
340.067 457.383
53.9842 269.271
80.4681 553.935
306.129 295.565
309.682 312.76
249.293 628.91
105.559 176.812
651.611 336.973
817.29 808.04
3.65213 797.864
909.111 469.738
335.874 370.724
28.5772 363.651
938.407 50.7481
516.739 898.363
871.445 21.2291
451.981 804.835
670.063 102.306
914.476 505.395
103.263 761.897
204.705 602.577
345.754 958.501
115.633 933.468
156.588 206.215
540.573 79.528
221.01 284.815
386.125 105.74
763.724 419
909.389 325.274
848.308 226.732
262.531 665.383
684.727 794.459
344.858 726.398
855.917 903.585
522.734 853.983
100.871 514.325
58.8396 236.283
193.775 757.43
582.709 366.502
59.1703 462.043
734.686 116.152
771.42 608.369
503.765 450.493
332.448 558.925
420.58 197.1
849.745 440.072
908.516 339.31
351.825 340.574
662.099 410.731
577.878 653.262
627.21 773.462
758.638 234.344
410.419 888.138
911.753 318.945
311.446 831.311
632.491 45.292
91.4661 581.128
791.566 231.508
912.603 920.789
362.503 610.015
959.477 24.1914
42.0795 92.4554
141.317 974.028
257.8 125.33
680.326 46.9821
569.639 881.803
266.528 563.047
272.23 482.939
223.138 11.0388
57.5048 537.379
988.909 550.188
497.652 968.1
902.488 502.033
407.88 818.883
620.723 795.57
326.311 547.673
699.718 50.8953
532.335 415.615
402.958 910.284
419.238 955.961
156.205 41.3208
365.024 804.57
765.049 250.936
79.801 963.992
600.992 94.232
980.667 69.987
806.071 317.402
563.897 132.457
737.411 401.108
86.3311 460.78
740.292 510.601
345.162 133.162
66.9967 772.664
750.49 968.585
283.645 816.444
434.991 302.786
753.756 952.246
395.519 393.877
182.07 324.918
955.581 711.346
603.97 450.452
986.414 512.248
14.7745 97.5492
821.975 639.287
826.41 153.37
856.787 66.2861
575.55 529.395
656.208 197.682
791.787 924.838
378.794 654.355
659.419 33.7164
877.177 795.717
995.78 399.119
640.432 200.72
627.282 136.005
59.438 273.37
778.229 314.453
739.418 684.859
937.235 887.691
914.196 230.782
889.245 455.89
929.691 740.449
612.104 409.675
480.444 594.576
862.233 286.283
49.0006 847.706
390.03 742.197
117.442 278.63
446.657 280.815
568.257 122.772
622.224 34.4533
32.2997 253.535
251.267 776.969
344.179 51.2682
888.476 102.857
416.023 913.717
535.221 276.051
949.162 480.94
949.371 998.899
364.744 908.93
214.032 806.298
809.974 89.2434
803.812 786.524
220.653 679.5
112.293 431.419
429.502 714.357
357.394 414.488
739.497 812.579
136.933 77.6327
928.741 247.419
376.198 419.078
363.09 702.306
821.451 88.2739
206.57 430.014
982.453 383.787
478.424 646.681
367.12 332.539
972.346 948.083
242.317 874.087
756.791 69.6143
848.016 556.934
730.058 935.537
180.064 915.354
584.612 593.868
451.533 614.241
964.641 658.732
959.024 817.139
805.86 280.079
945.699 254.605
97.4599 799.666
468.42 25.8398
262.15 747.206
428.572 945.535
354.392 320.386
704.407 300.876
648.444 57.8735
28.0574 276.011
894.514 104.744
350.083 528.653
350.837 362.655
942.496 697.543
645.081 655.814
203.544 231.227
417.143 214.435
966.453 462.073
233.052 330.511
953.124 925.468
888.69 965.852
335.52 145.041
765.721 987.309
203.09 73.5356
645.897 821.195
544.066 573.654
958.941 335.157
144.139 828.22
946.136 8.47384
875.93 798.019
436.695 274.464
957.617 746.308
872.425 956.505
273.988 539.868
540.045 356.183
287.469 427.377
69.7795 333.096
592.86 307.714
677.061 174.871
897.814 852.414
921.119 5.11602
933.24 652.035
457.104 622.622
517.521 656.123
601.209 485.789
592.398 319.874
297.484 305.953
157.606 568.353
238.492 257.085
775.185 347.666
944.945 591.586
655.059 835.757
886.854 835.228
529.281 177.862
770.311 514.304
549.252 679.026
559.002 869.087
982.142 484.307
713.515 141.911
69.2007 387.021
742.184 235.394
346.312 162.318
162.821 171.057
828.212 482.979
839.378 15.0248
972.49 283.091
711.979 197.234
450.197 88.7595
235.156 855.077
673.996 567.301
495.666 68.655
435.372 209.14
256.018 691.256
488.131 528.964
739.619 67.5515
340.373 562.816
351.727 174.834
214.29 814.253
895.562 390.798
655.978 972.563
957.883 456.69
66.7504 200.373
898.664 732.63
194.193 854.002
285.726 525.802
316.598 250.689
399.777 631.174
502.588 736.663
99.7989 85.7042
103.414 662.255
324.232 147.25
181.07 547.816
113.803 840.136
186.086 741.927
404.836 165.033
86.6279 859.28
153.774 461.763
845.646 258.547
208.232 514.741
346.914 453.756
584.781 525.303
717.525 520.753
927.891 984.758
889.3 186.476
235.5 86.6017
749.4 31.5664
465.532 234.065
579.066 944.553
734.868 961.605
212.096 716.732
375.097 389.554
304.302 422.706
954.791 885.387
489.295 945.112
420.698 438.901
134.849 52.2371
112.657 673.314
347.812 653.171
317.174 421.299
700.464 232.333
358.334 527.255
84.9422 958.469
195.219 344.806
302.466 56.8151
106.329 548.958
429.052 481.562
695.498 512.921
432.8 961.618
519.507 104.305
717.521 494.725
30.9624 512.087
681.694 948.488
544.24 698.944
660.039 836.335
896.18 354.17
110.131 361.514
632.096 239.873
311.004 109.283
95.0069 717.652
431.793 916.305
105.421 236.36
620.917 890.938
893.369 908.206
657.204 528.429
403.5 467.191
574.952 31.66
293.181 279.396
702.935 781.047
179.279 487.077
51.4958 324.742
61.5842 623.544
649.763 14.6478
430.817 895.322
801.932 399.391
808.275 94.047
93.5455 19.4329
429.527 207.056
570.15 847.564
623.374 63.6093
128.124 651.928
328.988 291.364
899.913 249.849
425.975 83.1616
374.246 158.705
589.9 970.933
2.24772 11.0998
667.787 854.855
256.44 527.133
662.99 503.189
51.2172 682.95
469.968 676.201
133.862 593.682
595.879 927.948
205.679 359.796
915.476 31.0584
843.272 278.538
414.117 395.84
227.206 670.393
565.772 823.734
265.974 35.8157
375.213 741.556
865.013 819.811
239.613 361.106
99.9717 963.401
130.29 384.343
134.91 146.096
431.535 305.561
191.778 760.974
99.3956 364.3
231.758 365.997
885.705 62.7051
127.215 472.619
489.16 625.815
728.385 378.297
687.228 797.057
567.436 514.006
724.356 585.589
60.0165 290.516
153.645 293.058
938.774 954.995
973.693 80.7427
701.416 304.131
37.7841 418.726
578.755 15.8875
461.95 735.178
166.734 727.503
170.542 879.183
0.763866 403.83
548.556 678.62
571.768 814.265
941.993 778.96
429.845 35.3771
404.845 776.402
652.023 224.393
780.484 740.412
804.518 361.105
470.436 953.46
267.41 646.553
131.505 268.216
611.351 342.127
887.728 706.672
912.997 293.555
177.83 815.832
765.386 908.256
424.165 319.237
322.335 907.471
751.237 316.127
606.655 233.845
879.977 356.82
313.543 862.128
574.835 561.695
537.371 479.362
588.838 440.03
160.58 406.803
81.1989 300.957
529.919 747.793
202.011 670.185
706.535 926.312
940.479 671.761
524.961 997.888
199.933 196.94
153.489 810.832
701.604 40.2285
489.191 205.324
711.721 870.084
819.052 912.018
460.789 776.335
714.785 441.867
19.777 92.6708
22.8944 810.703
617.171 44.9237
854.824 191.79
971.099 126.936
301.203 512.12
280.286 727.107
464.002 498.538
503.874 868.775
171.124 466.746
616.654 695.743
996.435 597.536
516.3 527.126
245.161 433.158
7.40587 614.949
442.408 958.097
237.509 992.571
631.874 223.531
340.199 814.935
742.335 855.473
264.294 794.012
405.86 592.616
903.593 771.645
224.156 753.183
643.124 66.0443
639.179 974.07
248.135 140.07
391.463 439.862
518.278 423.531
975.159 36.5976
153.65 306.387
326.981 964.695
807.578 148.57
39.9981 775.458
247.899 676.958
717.96 186.376
365.866 491.649
887.974 721.531
504.323 62.6554
489.008 406.104
593.428 821.755
314.67 840.622
850.809 870.345
840.709 262.537
825.173 959.576
602.252 28.1887
120.8 73.453
604.574 919.444
782.554 229.041
67.7522 778.496
777.745 137.627
449.565 599.225
818.984 903.021
337.056 782.85
471.165 820.227
664.448 97.7081
938.4 131.793
752.826 851.53
338.237 961.617
851.056 750.351
892.434 427.011
302.609 335.015
131.267 108.344
830.714 894.955
396.028 901.961
433.063 686.638
670.574 543.825
416.25 972.918
810.476 465.002
246.798 245.875
181.576 205.202
922.777 975.569
60.2774 757.87
386.254 549.688
750.023 433.631
763.147 690.8
878.33 120.577
599.247 589.553
459.689 540.385
713.55 351.429
472.091 151.733
456.921 777.011
606.974 411.078
114.836 72.3113
124.067 67.3444
430.556 37.3582
90.7916 198.043
842.582 673.907
28.9139 734.435
796.046 774.81
833.241 617.167
670.515 904.328
122.275 93.8482
952.534 413.569
978.536 261.96
17.7379 139.069
930.27 531.181
26.4708 906.526
721.581 656.169
393.411 824.169
300.496 892.555
339.673 799.299
914.993 948.576
709.222 265.888
462.99 577.001
628.944 601.8
4.7899 74.0697
205.145 770.143
295.457 41.7063
788.273 715.043
549.39 321.649
695.673 763.837
715.601 126.799
501.486 429.485
103.952 952.3
72.08 989.319
960.317 213.115
143.842 782.449
891.873 529.562
290.876 262.841
526.637 922.09
663.514 40.1262
529.403 290.348
516.035 23.6711
871.387 300.057
42.433 425.871
885.165 212.819
261.234 20.9688
386.185 49.8237
115.007 867.487
749.033 826.363
971.965 141.298
956.339 436.524
552.956 653.386
62.865 493.672
965.469 227.276
944.346 117.843
208.052 300.546
957.345 24.5044
269.42 545.735
382.204 552.166
561.223 888.3
191.311 635.743
321.203 501.232
630.867 696.549
904.238 425.072
345.486 582.108
893.477 897.121
143.208 666.005
730.246 773.799
643.749 172.69
900.404 22.246
98.4026 601.718
472.758 130.908
7.65659 270.076
635.887 430.485
826.312 798.753
159.008 297.276
810.393 618.467
471.964 211.853
368.73 97.939
876.108 724.143
236.734 282.864
798.55 992.155
732.846 913.296
214.36 998.366
67.3525 714.22
384.254 856.47
159.576 237.743
596.447 721.925
636.6 775.279
97.1122 425.527
933.921 338.96
709.948 643.381
388.531 24.9308
2.04069 546.634
616.186 322.919
544.021 955.377
974.047 330.575
350.164 200.23
547.485 203.422
885.726 16.9562
341.863 509.898
914.602 443.898
558.521 787.983
481.025 124.642
216.933 487.941
477.862 578.435
144.491 915.952
995.291 310.971
504.778 439.442
242.932 183.272
937.008 776.001
31.3778 263.592
412.095 896.612
286.901 831.316
908.365 4.20383
349.273 660.511
620.761 601.936
211.819 41.3776
501.329 955.265
661.618 461.852
351.877 839.05
536.765 636.62
190.178 90.3332
824.07 291.505
982.478 861.534
794.696 610.742
946.861 349.305
845.22 289.785
410.281 558.453
35.4599 581.179
687.626 154.842
17.7893 360.924
92.5755 393.004
565.007 247.199
526.993 169.984
864.242 203.545
338.773 959.773
50.3188 485.974
63.6986 812.815
829.931 263.008
186.33 127.968
271.179 287.63
520.843 870.965
366.176 222.585
829.749 887.931
360.231 621.42
914.47 855.24
195.236 681.374
729.557 231.013
825.388 476.946
734.048 968.643
590.746 178.035
675.974 886.128
476.691 397.642
911.107 583.499
666.311 339.245
91.5465 584.943
450.727 573.68
515.393 94.2827
385.674 543.677
312.034 238.448
734.372 109.155
932.372 157.597
819.879 745.733
281.302 384.319
790.079 921.407
339.42 859.229
274.575 414.439
52.2735 689.324
985.312 863.978
475.24 575.245
24.4698 330.267
570.024 263.353
98.6309 189.324
970.374 201.74
951.165 837.887
711.397 91.3397
856.182 318.765
87.5218 605.739
962.688 147.451
430.661 921.009
890.417 395.662
713.775 285.378
42.3664 729.812
21.8097 376.317
127.252 365.352
204.126 658.066
66.3738 565.732
988.024 402.585
683.773 211.118
319.058 264.86
587.143 550.442
544.924 742.915
109.263 314.867
794.852 124.593
18.1651 18.3362
756.173 589.82
395.265 532.698
922.867 94.8198
182.943 800.715
738.646 680.423
883.986 574.25
389.107 192.757
568.371 951.938
429.286 941.388
756.539 270.623
563.889 455.743
585.86 658.103
291.345 743.21
521.681 400.133
725.289 838.303
4.16317 22.6967
285.84 696.06
667.348 546.524
890.189 284.345
707.681 371.318
62.4077 804.134
889.529 319.69
239.723 514.375
573.329 700.623
268.303 898.329
470.08 695.65
292.317 216.018
991.059 600.753
497.015 521.011
318.134 814.299
437.89 198.705
689.058 539.913
566.481 512.088
875.076 973.981
728.86 642.612
436.712 580.626
713.637 682.545
4.53716 150.328
94.1428 358.008
397.189 864.277
435.835 494.622
591.256 84.8937
670.206 753.567
725.468 371.191
61.1848 27.2062
544.724 302.698
976.443 659.606
204.748 149.97
744.27 83.3632
789.596 620.676
509.029 925.825
744.568 586.625
11.3517 211.867
486.39 480.714
692.942 270.605
415.695 400.517
284.266 43.2067
746.187 403.02
15.7805 553.647
671.557 149.43
103.248 485.953
181.394 877.736
51.9934 182.041
525.064 358.014
429.444 577.895
736.828 381.237
913.54 66.0857
765.4 753.111
53.6364 457.6
928.587 535.809
505.259 800.138
129.128 129.421
298.595 15.2911
42.0438 60.1772
172.865 298.498
476.647 278.052
293.97 549.33
658.534 362.401
554.821 195.507
375.9 804.08
762.924 536.507
693.824 752.384
140.106 391.584
227.587 249.732
666.001 289.803
420.681 869.849
399.891 704.647
371.411 926.905
744.079 192.139
308.734 175.056
168.601 279.854
197.685 730.071
359.376 659.932
871.039 449.472
546.539 445.537
754.372 992.443
781.489 107.388
558.776 26.7284
301.805 673.24
406.658 378.698
513.955 292.072
583.417 675.195
188.805 212.346
355.875 447.394
903.186 498.062
620.971 108.416
281.532 4.74041
816.399 372.926
415.33 699.725
97.0405 449.246
806.001 369.245
250.797 504.776
801.239 90.1789
459.462 841.201
307.394 842.671
993.357 277.338
759.797 150.456
559.299 525.97
599.04 834.734
962.306 691.672
462.736 139.463
783.83 613.554
401.148 536.812
375.988 512.762
856.946 853.601
748.133 313.507
101.09 788.391
885.084 493.287
701.036 303.935
257.823 906.66
297.697 980.603
173.729 816.957
498.383 427.898
823.086 996.585
168.096 499.438
603.003 99.9267
549.297 700.081
184.556 91.5479
192.051 115.943
733.035 296.98
246.291 586.078
514.97 927.043
503.13 421.105
816.745 668.203
37.1043 972.449
898.487 729.523
992.466 384.359
127.259 886.91
857.731 852.167
520.342 649.143
258.075 795.835
370.339 305.936
987.86 923.23
586.432 161.855
277.864 88.7156
646.409 786.425
554.317 884.405
702.604 396.128
243.004 867.291
639.618 586.141
385.357 489.1
986.16 964.538
362.545 214.246
271.207 802.698
141.342 227.8
939.147 640.245
980.858 236.111
958.127 310.855
159.908 918.74
917.089 186.881
287.204 972.751
814.384 429.32
288.887 841.622
999.063 518.648
175.534 669.904
112.727 166.735
759.286 474.546
770.13 42.2564
302.863 40.3201
607.567 573.161
401.508 746.609
50.5509 287.265
545.152 12.5458
224.383 26.8167
655.663 490.153
382.141 202.205
895.182 752.714
663.006 10.0522
811.1 901.633
582.775 789.413
760.989 456.827
564.822 429.928
838.118 183.42
782.999 776.927
844.898 486.173
776.563 229.067
26.9813 178.28
237.159 269.018
819.108 450.068
27.4433 401.043
250.727 343.937
260.512 933.455
29.702 865.542
783.115 929.262
626.446 90.5716
171.599 159.05
772.744 417.562
389.71 112.324
898.848 626.195
468.289 975.314
957.231 763.03
905.457 536.018
130.951 696.503
901.607 246.825
114.389 446.251
250.663 272.004
408.255 704.804
163.26 343.502
430.162 631.402
870.036 558.411
407.08 883.557
389.362 281.196
74.9605 126.965
502.457 117.413
127.081 714.571
16.4032 717.661
192.592 41.0618
491.047 503.756
715.063 756.644
209.361 767.072
600.89 930.616
919.239 232.754
572.682 487.01
620.607 296.576
532.363 162.664
453.22 140.584
35.718 926.408
357.845 159.701
502.572 637.27
694.46 123.553
15.9633 997.699
104.507 692.901
13.1913 586.237
539.303 651.507
362.607 882.555
196.468 350.295
249.535 689.343
671.293 569.336
736.02 54.8575
262.524 86.8303
648.036 810.033
850.549 720.435
644.002 174.978
984.389 575.173
517.346 653.863
685.82 479.321
776.245 737.833
838.555 926.183
92.5327 881.742
776.147 888.69
140.308 35.6013
38.3685 656.659
509.525 304.77
267.126 184.843
645.665 385.676
338.787 472.391
217.277 122.933
10.3912 587.072
257.564 667.442
67.3041 21.96
138.881 502.949
972.862 548.014
386.008 496.416
692.789 2.25117
100.723 641.215
999.303 680.587
405.57 96.5558
786.245 718.75
749.604 971.475
722.318 459.597
716.71 97.1464
853.825 379.748
214.236 115.795
301.991 98.8384
923.81 40.922
216.29 561.15
788.144 991.346
708.141 583.85
361.868 338.573
769.775 856.206
668.977 842.562
63.0003 745.715
92.0986 67.19
656.914 661.216
479.626 950.683
110.917 670.923
746.794 863.129
262.255 493.063
484.367 205.991
734.158 70.4845
149.731 516.641
858.937 821.806
415.246 726.876
924.036 424.728
35.9451 880.316
478.231 518.812
211.101 864.684
112.541 146.698
617.148 226.056
526.373 948.947
491.631 631.704
777.08 177.034
816.006 234.206
479.165 346.852
516.459 865.273
984.831 802.675
54.3625 859.931
56.4859 829.989
380.013 134.89
680.115 932.175
671.649 242.781
330.365 302.926
807.666 402.516
232.394 286.246
818.993 548.109
654.474 771.59
839.699 113.18
887.771 667.979
889.598 419.717
438.308 195.177
829.196 207.954
822.9 473.858
760.783 568.375
690.899 492.895
593.067 447.073
306.158 276.662
239.105 396.004
91.1008 899.449
868.114 955.404
773.743 458.271
495.384 611.264
786.693 312.123
95.6852 632.928
93.7042 151.498
634.982 928.981
299.717 145.714
140.484 201.714
63.0071 962.844
158.267 828.555
744.221 769.387
390.757 802.03
600.23 641.041
967.138 972.231
461.071 672.133
735.674 23.1869
904.645 441.836
316.55 507.16
709.903 15.7188
975.866 943.043
989.221 28.6234
644.467 400.309
325.461 929.5
119.245 150.188
446.67 37.5815
327.104 906.355
873.916 423.64
856.155 103.247
402.212 616.422
398.362 943.22
596.682 629.7
967.492 431.272
786.622 574.926
969.046 718.056
832.94 549.213
146.87 528.222
596.722 708.841
137.813 713.564
394.889 187.535
703.181 728.494
735.05 898.805
12.58 728.789
119.502 639.124
737.666 534.561
752.242 179.537
340.909 863.837
567.131 663.641
549.076 693.625
519.625 174.434
36.9011 409.418
386.811 495.997
348.625 625.012
162.332 442.424
683.553 101.966
295.253 687.196
136.935 161.718
901.947 890.04
848.608 795.655
10.1848 907.829
60.445 737.102
545.923 195.786
283.364 108.992
317.476 704.187
839.498 143.525
307.889 641.096
562.713 268.566
65.9161 360.647
668.315 212.772
322.04 449.35
690.184 515.466
638.226 488.201
520.728 110.617
696.094 215.891
43.7027 64.3211
583.435 138.077
14.0663 377.039
32.1451 757.046
934.079 719.68
282.815 524.019
283.924 66.2194
446.652 762.542
527.113 424.455
189.578 388.799
783.081 621.554
640.204 677.398
22.6314 63.4427
59.7414 928.444
948.488 179
769.365 751.382
295.779 452.613
25.5692 230.349
88.0517 193.356
601.799 47.206
437.396 579.585
3.53866 617.346
375.763 743.54
150.749 928.298
491.701 555.181
357.694 95.1467
865.562 629.633
662.918 801.277
247.896 71.2564
154.168 569.89
172.379 346.894
453.272 47.7498
427.989 925.133
835.006 735.881
617.282 435.368
349.933 141.057
740.721 904.354
721.644 94.4053
868.437 341.099
931.957 74.1978
35.1978 459.451
242.718 189.083
967.094 488.964
485.65 408.859
390.482 84.4465
301.497 858.878
839.654 6.28842
779.355 96.7819
255.543 613.034
254.26 722.072
633.614 375.353
500.578 625.488
437.939 599.206
387.225 33.788
626.699 554.354
320.495 536.415
779.276 531
91.8671 902.036
878.815 205.814
999.163 908.176
319.907 688.963
325.658 940.036
959.649 761.842
937.364 871.336
530.155 47.3969
174.498 787.2
389.994 707.666
761.228 597.056
735.09 369.432
416.261 308.856
358.082 92.4715
505.694 276.195
500.668 137.287
487.156 319.449
594.394 221.297
808.527 908.678
90.6227 916.132
605.133 301.189
80.6469 882.305
400.232 332.034
454.318 454.235
723.598 694.464
83.8911 918.503
929.233 780.202
700.75 692.981
150.984 30.1723
133.043 612.17
851.699 446.037
907.218 493.694
171.317 13.5639
472.877 366.797
415.814 327.284
391.102 629.026
525.318 181.312
569.334 335.524
270.451 940.572
734.864 550.878
713.582 854.3
461.973 345.525
634.847 290.145
653.612 46.677
407.025 262.612
544.074 640.289
772.558 696.387
366.296 904.859
936.463 163.879
470.726 993.565
320.07 376.838
283.337 669.5
997.241 265.724
995.961 111.657
989.524 437.138
365.204 975.503
504.953 842.572
819.452 564.82
602.318 88.8001
97.2678 492.118
551.84 436.194
789.753 870.577
908.204 803.88
821.924 118.039
198.786 60.7105
924.648 986.6
949.484 347.458
843.123 673.569
862.49 369.844
903.343 957.516
105.184 156.412
446.195 237.545
376.889 143.079
44.8167 309.509
669.986 856.408
112.825 996.077
377.292 720.777
295.696 113.648
168.158 944.117
301.571 361.625
741.916 125.204
184.047 922.991
913.452 463.572
581.074 618.915
64.3036 333.234
540.444 378.416
194.357 387.223
623.563 6.28989
991.85 386.047
758.02 358.028
602.19 364.227
501.19 401.262
742.167 111.694
85.2104 543.727
685.946 224.6
675.881 715.981
786.248 145.993
715.897 982.474
142.718 219.56
766.661 148.562
258.679 285.504
1.54677 20.1369
45.3041 657.103
702.245 396.573
469.945 589.222
765.993 711.021
785.622 327.103
104.459 81.7842
536.796 542.799
167.313 691.815
530.162 916.302
656.97 88.4043
422.698 353.84
972.461 691.227
628.155 405.721
308.289 594.855
740.856 491.418
45.143 631.58
283.21 910.676
302.545 361.43
332.232 664.836
13.5448 401.322
305.025 412.215
666.286 447.772
135.551 646.147
33.066 181.579
186.404 598.746
931.075 489.034
135.447 481.34
277.067 717.924
247.066 920.285
236.117 819.399
875.215 89.9218
684.335 471.713
342.479 376.329
416.957 590.575
771.561 550.012
229.03 522.949
962.318 306.828
518.696 300.289
410.54 595.594
629.057 604.389
287.234 384.592
729.414 935.795
454.567 469.065
846.433 573.681
261.514 666.39
998.496 656.197
15.8672 517.427
356.534 370.006
884.542 33.6953
373.845 523.639
79.211 323.339
966.545 367.236
26.6659 301.444
223.828 384.22
359.541 515.131
488.791 1.00183
186.638 645.721
107.221 625.059
904.484 499.365
646.021 174.142
924.004 790.851
934.009 657.376
733.672 179.004
652.032 435.768
439.578 83.5016
57.9388 808.231
581.063 263.519
844.691 224.66
116.586 985.622
225.67 590.017
120.829 457.672
582.89 383.814
403.932 294.442
202.906 722.107
327.585 534.475
983.064 683.115
821.257 865.716
486.514 725.928
591.888 625.353
122.646 804.31
38.7812 468.317
234.094 292.204
589.962 45.4926
118.99 298.924
961.832 74.6003
885.542 993.762
588.645 12.4242
131.01 544.865
464.154 969.343
332.366 616.639
388.518 547.225
281.677 159.724
117.267 411.035
132.508 852.409
837.25 438.764
207.067 61.7746
239.712 989.56
775.754 900.621
926.566 219.545
937.977 578.636
105.636 822.892
297.926 894.879
665.145 997.483
16.16 505.545
679.735 621.981
835.538 906.269
597.355 948.157
615.277 827.356
362.863 747.177
538.003 212.859
658.537 512.147
53.9246 489.383
246.668 568.411
662.71 527.438
955.922 417.969
476.326 445.068
213.88 471.723
154.017 598.991
874.706 85.7481
861.58 308.87
135.339 748.025
260.122 783.758
625.981 865.93
646.994 131.216
211.251 682.679
300.029 864.984
798.236 394.881
636.102 725.1
486.244 806.366
189.249 264.674
907.853 543.759
522.088 901.695
860.818 644.375
527.115 774.213
876.078 638.629
907.27 722.838
843.502 83.3308
914.884 7.80256
525.13 31.1436
69.9703 410.944
935.93 919.822
169.917 405.201
892.07 577.635
842.36 183.717
892.709 315.923
158.833 651.403
743.408 633.162
89.7542 291.377
672.32 721.646
5.06765 366.261
580.132 604.338
302.21 835.805
916.389 665.232
586.107 997.193
550.348 589.397
728.119 119.336
313.577 973.828
271.099 731.075
315.066 100.59
594.535 121.93
271.889 149.564
75.1976 349.399
134.894 746.622
744.411 786.08
983.452 774.971
555.555 611.826
239.981 544.57
65.2804 679.137
328.075 618.964
629.532 895.479
687.094 747.092
77.6024 609.524
447.027 126.474
602.339 945.391
75.16 70.7482
655.282 808.305
861.4 102.151
194.012 553.282
596.829 421.322
849.819 513.639
396.467 714.546
635.785 291.549
497.37 671.088
812.235 382.386
310.218 947.741
968.376 435.356
918.086 866.352
360.717 275.194
43.8225 534.257
870.754 48.2293
994.609 875.672
292.066 799.816
328.989 46.526
491.557 776.73
393.703 885.797
474.562 83.4237
838.285 310.361
460.864 627.305
200.743 20.9439
479.072 380.878
380.702 418.418
540.232 875.596
613.83 972.773
827.006 659.987
769.479 761.949
904.569 297.572
180.582 278.768
54.5268 440.762
349.64 23.4972
876.76 302.781
407.156 876.826
394.674 809.524
886.51 404.754
959.672 137.266
771.486 227.976
312.029 15.5646
261.128 929.515
11.1792 388.38
108.243 353.097
879.958 22.1891
334.47 420.61
556.107 748.979
5.06221 531.047
381.192 36.8788
877.776 361.552
210.829 1.26991
806.65 113.171
100.382 831.207
951.607 698.928
155.773 872.447
846.787 535.413
852.242 251.756
900.216 864.789
89.1594 469.195
234.764 809.827
138.806 934.355
606.339 751.278
834.363 965.652
526.934 940.053
842.701 450.368
821.56 946.684
458.623 838.37
721.244 129.354
282.997 198.144
167.109 640.357
833.327 142.727
921.643 467.165
927.629 667.554
501.011 166.734
925.764 848.281
129.02 302.449
942.313 334.635
981.109 422.426
108.325 860.98
437.229 699.921
60.1528 272.696
731.199 787.039
368.818 594.284
150.736 675.442
161.091 970.475
